<<<<<<< HEAD
741
2
00
3
000
3
010
4
0000
5
00000
5
00100
4
1001
5
10001
5
10101
4
0110
5
01010
5
01110
6
000000
7
0000000
7
0001000
6
100001
7
1000001
7
1001001
6
010010
7
0100010
7
0101010
6
110011
7
1100011
7
1101011
6
001100
7
0010100
7
0011100
6
101101
7
1010101
7
1011101
6
011110
7
0110110
7
0111110
8
00000000
9
000000000
9
000010000
8
10000001
9
100000001
9
100010001
8
01000010
=======
1
4 
1 3 4 5 
2
>>>>>>> 958470b7f25f917273b3a39190149b88ccdf3581
